0 0 1 0 0 0 0 0 0 2 0 0 0 0 0 0 0 0 0 0 0 0 0 4 0 0 0 0 0 0 0 0 1 1 0 0 0 2 5 4
0 0 0 0 0 0 0 0 1 2 0 0 0 0 1 0 0 0 0 0 0 0 0 0 0 0 0 0 0 0 2 0 1 0 0 0 0 0 5 8
0 0 46 0 0 0 0 0 0 1 0 0 0 0 0 1 1 4 1 0 0 0 0 0 0 1 4 0 0 1 0 0 38 0 0 0 0 0 2 0
0 0 0 0 0 0 0 0 0 1 0 0 0 3 0 0 0 0 1 0 0 0 0 5 0 0 0 1 0 0 0 4 1 3 0 0 1 0 0 0
0 0 0 0 0 0 0 0 0 1 0 0 0 0 1 3 0 5 0 0 0 0 0 0 0 0 0 1 0 0 0 0 0 1 0 0 0 0 8 0
0 0 0 0 0 48 0 0 0 7 0 0 0 0 1 13 0 0 1 0 0 1 0 1 0 1 0 1 0 0 0 0 0 21 0 1 2 0 2 0
0 0 0 0 0 0 0 0 0 0 0 0 0 0 0 0 0 2 0 0 0 0 0 0 0 0 0 0 0 0 0 0 0 0 0 0 1 0 2 15
0 0 0 0 0 1 0 38 0 5 0 0 0 4 0 0 0 0 0 0 0 0 1 1 0 2 0 0 0 0 0 6 37 0 0 3 1 0 1 0
0 0 0 0 0 0 0 0 1 3 0 0 0 0 1 1 0 2 0 0 0 0 0 0 0 0 0 0 0 0 0 0 3 3 0 0 2 0 3 1
0 0 0 0 0 1 0 0 0 22 0 0 0 0 1 0 0 41 0 0 0 0 1 0 0 0 1 0 0 0 0 0 7 0 0 0 0 1 8 17
0 0 0 0 0 0 0 0 0 0 0 22 0 0 0 2 1 0 10 0 0 0 0 1 0 3 0 6 0 0 0 0 1 1 3 0 0 0 0 0
0 0 1 0 0 0 0 0 0 0 0 56 4 0 0 1 2 0 4 0 0 0 0 1 0 0 0 0 0 0 0 0 0 0 31 0 0 0 0 0
0 0 2 0 0 0 0 0 0 0 0 1 14 0 0 0 11 0 4 0 0 0 0 0 0 0 0 0 0 0 0 0 37 0 3 0 0 0 14 0
0 0 0 0 0 0 0 0 0 0 0 0 0 37 0 0 0 0 0 0 0 0 0 0 0 0 0 0 0 0 0 15 13 0 0 0 3 0 32 0
0 0 0 0 0 1 0 0 0 7 0 0 0 0 1 0 0 1 1 0 0 0 0 3 0 1 0 0 0 0 0 1 0 3 0 1 0 0 0 0
0 0 0 0 0 4 0 0 0 0 0 0 0 0 0 10 0 1 0 0 0 1 0 1 0 2 0 0 0 0 0 0 0 1 0 0 0 0 0 0
0 0 2 0 0 0 0 0 0 0 0 10 3 0 0 0 53 0 0 0 0 0 0 0 0 0 0 0 0 7 0 0 8 0 0 0 0 0 3 0
0 0 0 1 0 0 0 0 0 1 0 0 0 0 0 0 0 68 0 0 0 0 0 0 0 0 0 1 0 0 0 0 2 3 0 1 0 1 4 18
0 0 0 0 0 0 0 0 0 0 0 3 0 0 0 1 0 0 73 0 0 0 0 0 0 1 0 19 0 0 0 0 3 0 0 0 0 0 0 0
0 0 0 0 0 0 0 0 0 1 0 0 0 0 1 0 0 4 0 0 0 0 0 2 0 0 0 0 0 0 0 0 2 3 0 0 0 0 1 6
0 0 0 1 0 0 0 0 0 4 0 0 0 0 2 0 0 5 0 0 0 0 0 0 0 1 0 0 0 0 0 0 0 6 0 0 0 0 1 0
0 0 0 0 0 0 0 0 0 0 0 0 0 0 0 1 0 0 0 0 0 10 1 0 0 1 0 5 0 0 0 0 0 2 0 0 0 0 0 0
0 0 0 0 0 0 0 1 0 8 0 0 0 1 0 0 0 0 0 0 0 1 80 1 0 0 1 0 0 0 0 1 0 1 0 0 3 0 2 0
0 0 0 0 0 2 0 0 0 4 0 1 0 0 7 13 0 3 4 0 0 6 3 30 0 1 0 12 0 0 0 1 0 9 0 1 3 0 0 0
0 0 0 0 0 0 0 0 0 2 0 0 0 0 0 0 0 3 0 0 0 0 0 0 0 0 0 0 0 0 0 0 3 1 0 0 0 0 4 7
0 0 0 0 0 0 0 0 0 1 0 0 0 2 1 2 0 0 0 0 0 0 0 0 0 5 1 0 0 0 0 0 3 0 0 2 1 0 1 1
0 0 0 0 0 0 0 0 0 1 0 0 0 0 1 0 0 2 0 0 0 2 0 0 0 0 9 0 0 0 0 0 2 1 0 0 1 0 1 0
0 0 0 0 0 3 0 1 0 0 0 1 1 0 2 3 0 0 22 0 0 3 0 1 0 0 1 52 0 0 0 5 0 0 0 0 2 0 3 0
0 0 0 0 0 0 0 0 0 6 0 0 0 1 1 1 0 0 0 0 0 0 0 4 0 0 1 0 0 0 0 0 1 1 0 1 0 0 2 1
0 0 8 0 0 0 0 0 0 1 0 2 0 0 0 0 0 0 0 0 0 0 0 1 0 0 1 0 0 7 0 0 78 1 0 0 0 0 0 1
0 0 0 1 0 0 0 0 0 0 0 0 0 0 0 0 0 5 0 0 0 0 0 3 0 0 0 0 0 0 0 0 0 1 0 0 0 0 5 5
0 0 0 0 0 1 0 0 0 0 0 0 0 9 0 2 0 0 0 0 0 0 17 0 0 2 0 5 0 0 0 47 5 5 0 1 4 0 2 0
0 0 0 0 0 0 0 2 1 0 0 0 0 0 0 1 1 2 2 0 0 0 0 1 0 0 1 0 0 0 0 0 87 1 0 0 0 0 0 1
0 0 0 1 0 3 0 0 0 1 0 0 0 0 10 12 0 0 3 0 0 0 0 15 0 2 0 2 0 2 0 0 0 48 0 0 0 0 1 0
0 0 0 0 0 0 0 0 0 0 0 13 2 0 0 0 2 0 30 0 0 0 0 0 0 0 0 5 0 0 0 0 11 0 22 0 0 0 1 0
0 0 0 0 0 0 0 0 1 1 0 0 0 0 0 1 0 2 0 0 0 0 4 1 0 0 1 2 0 0 0 0 0 4 0 1 2 0 0 0
0 0 0 1 0 1 0 2 1 2 0 0 0 3 2 4 0 2 2 0 0 4 0 2 0 0 4 6 0 0 0 1 9 10 0 0 30 0 14 0
0 0 0 0 0 0 0 0 1 2 0 0 0 0 2 0 0 5 1 0 0 1 0 1 0 0 0 0 0 0 0 0 0 1 0 0 1 0 1 4
0 0 0 0 0 0 0 0 0 2 0 0 3 2 0 0 1 2 1 0 0 0 0 0 0 0 0 0 0 0 1 0 17 3 0 0 1 0 60 7
0 0 0 0 0 2 1 0 1 9 0 0 0 2 1 0 0 14 0 0 0 1 0 0 0 1 1 0 0 0 0 0 9 2 0 1 1 0 5 49
